Date,Monthly Value,Accumulated Value
2015-01,2,2
2015-02,2,4
2015-04,3,7
2015-05,1,8
2015-06,5,13
2015-07,4,17
2015-08,3,20
2015-09,1,21
2015-10,4,25
2015-11,2,27
2015-12,4,31
2016-01,1,32
2016-03,4,36
2016-04,5,41
2016-05,2,43
2016-08,2,45
2016-09,4,49
2016-10,2,51
2016-12,2,53
2017-03,1,54
2017-05,2,56
2017-06,1,57
2017-09,1,58
2017-10,1,59
2017-12,1,60
2018-02,1,61
2018-04,1,62
