Date,Monthly Value,Accumulated Value
2017-09,2,2
2017-11,1,3
2017-12,1,4
2018-01,2,6
2018-02,7,13
2018-03,8,21
2018-04,3,24
2018-05,1,25
2018-07,1,26
2018-08,3,29
2018-09,1,30
2018-10,1,31
2018-11,2,33
2018-12,2,35
2019-02,3,38
2019-06,1,39
2019-07,1,40
2019-12,1,41
2020-01,1,42
2020-05,1,43
2020-10,1,44
2021-05,1,45
2021-11,2,47
2022-08,1,48
