Date,Monthly Value,Accumulated Value
2015-01,4.16,4.16
2015-02,4.03,8.190000000000001
2015-06,3.03,11.22
2015-10,2.02,13.24
2015-12,2.02,15.26
2016-05,1.26,16.52
2018-02,2.85,19.37
2021-02,2.02,21.39
2021-07,1.43,22.82
2022-01,2.02,24.84
2022-03,1.6,26.44
