Date,Monthly Value,Accumulated Value
2020-10,2645,2645
2020-11,3397,6042
2021-02,2152,8194
2021-03,28,8222
2021-07,536,8758
2021-09,759,9517
2021-12,3224,12741
2022-05,10,12751
2022-07,4537,17288
