Date,Monthly Value,Accumulated Value
2015-01,36,36
2017-08,12,48
2018-03,13,61
2018-04,13,74
2018-07,5,79
2021-07,6,85
2021-12,-9865,-9780
2022-02,6,-9774
2022-11,16,-9758
