Date,Monthly Value,Accumulated Value
2022-08,3,3
2022-09,2,5
2022-10,1,6
2022-12,1,7
2023-01,4,11
2023-03,2,13
2023-05,7,20
2023-06,1,21
2023-07,1,22
2023-09,2,24
2023-10,1,25
2023-11,3,28
2024-01,2,30
2024-02,2,32
2024-03,1,33
2024-04,1,34
2024-05,1,35
2024-10,1,36
