Date,Monthly Value,Accumulated Value
2020-03,4,4
2020-04,1,5
2020-08,8,13
2020-09,11,24
2021-06,1,25
2022-12,6,31
2023-11,1,32
2024-01,3,35
2024-05,6,41
