Date,Monthly Value,Accumulated Value
2015-07,2,2
2015-08,10,12
2015-09,2,14
2017-02,1,15
2017-12,2,17
2018-12,3,20
2019-06,2,22
2019-07,12,34
2020-05,2,36
2021-07,2,38
2021-09,1,39
2021-11,1,40
2022-09,1,41
