Date,Monthly Value,Accumulated Value
2015-01,1,1
2015-02,1,2
2015-05,5,7
2015-10,1,8
2015-11,1,9
2016-01,1,10
2016-06,24,34
2016-07,4,38
2016-08,2,40
2017-03,5,45
2017-07,1,46
2017-08,2,48
2017-09,1,49
2017-10,4,53
2017-11,1,54
2017-12,5,59
2018-02,1,60
2018-08,1,61
2018-10,2,63
2021-04,1,64
2022-09,1,65
