Date,Monthly Value,Accumulated Value
2020-11,1,1
2020-12,1,2
2021-01,3,5
2021-02,1,6
2021-03,4,10
2021-05,2,12
2021-06,4,16
2021-07,2,18
2021-08,4,22
2021-09,2,24
2021-11,2,26
2022-01,1,27
2022-03,1,28
2022-04,3,31
2022-05,3,34
2022-06,2,36
2022-07,3,39
2022-10,1,40
2022-11,2,42
2023-01,6,48
2023-02,6,54
2023-07,2,56
2023-08,1,57
2023-09,2,59
2023-10,3,62
2023-11,4,66
2024-02,4,70
2024-05,2,72
