Date,Monthly Value,Accumulated Value
2015-12,1,1
2016-01,5,6
2016-02,2,8
2016-03,2,10
2016-04,7,17
2016-06,1,18
2017-02,1,19
2017-03,1,20
2018-06,1,21
2019-05,1,22
2019-08,5,27
2020-11,3,30
