Date,Monthly Value,Accumulated Value
2018-08,1,1
2019-02,1,2
2019-03,3,5
2019-04,1,6
2019-06,6,12
2019-07,6,18
2019-08,1,19
2019-09,1,20
2020-02,3,23
2020-03,5,28
2020-04,3,31
2020-05,3,34
2020-06,2,36
2020-07,3,39
2020-08,1,40
2020-09,1,41
2020-10,1,42
2020-11,2,44
2020-12,3,47
2021-02,2,49
2021-03,2,51
2021-04,1,52
2021-08,2,54
2021-09,1,55
2021-10,1,56
2022-01,1,57
2022-06,1,58
2023-05,1,59
2023-10,1,60
2024-07,1,61
2024-08,2,63
