Date,Monthly Value,Accumulated Value
2017-03,1,1
2017-06,7,8
2017-12,2,10
2018-01,4,14
2018-02,3,17
2018-03,4,21
2018-06,2,23
2018-07,1,24
2018-09,1,25
2019-03,2,27
2019-04,7,34
2020-01,1,35
2020-04,1,36
2020-05,4,40
2020-06,1,41
2020-12,1,42
2021-01,1,43
2021-09,1,44
2023-08,1,45
