Date,Monthly Value,Accumulated Value
2015-07,2,2
2016-04,7,9
2016-10,1,10
2017-02,1,11
2017-07,1,12
2017-08,1,13
2017-09,1,14
2017-11,3,17
2018-02,1,18
2018-12,1,19
2019-05,1,20
2019-10,3,23
2019-11,1,24
2020-03,1,25
2020-04,1,26
2020-07,4,30
2020-09,2,32
2021-01,1,33
2021-08,1,34
2021-11,1,35
2022-05,1,36
2022-09,1,37
2023-02,1,38
2023-05,1,39
2023-10,2,41
